7
8
1
9
0
7
0
5
1
5
8
4
1
2
9
6
0
1
7
3
0
3
1
8
8
3
1
9
1
6
5
8
7
1
8
0
7
7
2
4
9
4
4
2
0
5
2
9
5
5
4
3
8
7
7
0
8
8
5
2
6
6
3
7
7
2
6
8
4
4
2
0
5
5
1
5
8
2
4
1
4
2
8
3
1
0
9
5
9
2
2
3
8
4
1
1
4
0
3
3
0
4
1
3
1
8
7
3
5
2
9
9
1
4
7
9
5
2
9
5
6
1
7
9
1
3
2
8
4
1
6
8
0
2
3
7
1
0
4
9
2
0
5
5
4
1
0
7
2
4
2
5
8
5
7
8
6
8
6
4
1
7
5
0
8
9
6
9
4
0
2
3
6
5
0
1
2
5
2
6
1
8
9
8
3
6
7
5
0
6
7
3
5
5
9
2
3
2
6
0
7
7
4
8
2
0
0
5
0
3
6
0
6
7
1
3
6
8
0
6
4
5
5
2
5
2
5
4
7
4
7
8
8
6
1
9
0
7
9
6
2
6
7
8
9
0
9
9
8
6
7
2
0
6
2
4
5
6
1
5
9
3
7
8
9
5
3
9
6
4
0
1
6
6
9
5
9
3
0
6
1
9
2
7
3
3
7
3
9
2
3
4
5
3
7
8
2
5
6
1
